4.989135211102e-01 3.006466298361e-01 6.988104321176e-02 8.098231549056e-01 0.000000000000e+00 0.000000000000e+00 0.000000000000e+00 
4.988918393345e-01 2.999880110603e-01 6.979025054931e-02 8.100885425642e-01 0.000000000000e+00 0.000000000000e+00 0.000000000000e+00 
4.988346185073e-01 2.982587381789e-01 6.955128836642e-02 8.107825644186e-01 0.000000000000e+00 0.000000000000e+00 0.000000000000e+00 
4.987506938729e-01 2.957536772433e-01 6.920375734801e-02 8.117809727551e-01 0.000000000000e+00 0.000000000000e+00 0.000000000000e+00 
4.986459277357e-01 2.926855943128e-01 6.877615189708e-02 8.129927567725e-01 0.000000000000e+00 0.000000000000e+00 0.000000000000e+00 
4.985242014039e-01 2.892081850601e-01 6.828920907011e-02 8.143517853074e-01 0.000000000000e+00 0.000000000000e+00 0.000000000000e+00 
4.983880746265e-01 2.854325678949e-01 6.775814215864e-02 8.158102784509e-01 0.000000000000e+00 0.000000000000e+00 0.000000000000e+00 
4.982392257601e-01 2.814391312775e-01 6.719417321871e-02 8.173338561354e-01 0.000000000000e+00 0.000000000000e+00 0.000000000000e+00 
4.980787464215e-01 2.772860630836e-01 6.660560990197e-02 8.188978534056e-01 0.000000000000e+00 0.000000000000e+00 0.000000000000e+00 
4.979073390117e-01 2.730155014849e-01 6.599861632403e-02 8.204846131102e-01 0.000000000000e+00 0.000000000000e+00 0.000000000000e+00 
4.977254491141e-01 2.686579759882e-01 6.537777256450e-02 8.220815142652e-01 0.000000000000e+00 0.000000000000e+00 0.000000000000e+00 
4.975333540942e-01 2.642356167388e-01 6.474648471417e-02 8.236795451676e-01 0.000000000000e+00 0.000000000000e+00 0.000000000000e+00 
4.973312222035e-01 2.597644751549e-01 6.410728735448e-02 8.252722754201e-01 0.000000000000e+00 0.000000000000e+00 0.000000000000e+00 
4.971191518211e-01 2.552562027020e-01 6.346206761492e-02 8.268551178102e-01 0.000000000000e+00 0.000000000000e+00 0.000000000000e+00 
4.968971973421e-01 2.507192657098e-01 6.281223154871e-02 8.284247996308e-01 0.000000000000e+00 0.000000000000e+00 0.000000000000e+00 
4.966653861141e-01 2.461598246361e-01 6.215882783538e-02 8.299789847299e-01 0.000000000000e+00 0.000000000000e+00 0.000000000000e+00 
4.964237293984e-01 2.415823705540e-01 6.150263980013e-02 8.315160037097e-01 0.000000000000e+00 0.000000000000e+00 0.000000000000e+00 
4.961722293657e-01 2.369901859368e-01 6.084425386243e-02 8.330346615524e-01 0.000000000000e+00 0.000000000000e+00 0.000000000000e+00 
4.959108834798e-01 2.323856782639e-01 6.018411043191e-02 8.345341005828e-01 0.000000000000e+00 0.000000000000e+00 0.000000000000e+00 
4.956396871764e-01 2.277706215558e-01 5.952254173050e-02 8.360137029246e-01 0.000000000000e+00 0.000000000000e+00 0.000000000000e+00 
4.953586354431e-01 2.231463312516e-01 5.885979987863e-02 8.374730211172e-01 0.000000000000e+00 0.000000000000e+00 0.000000000000e+00 
4.950677237010e-01 2.185137908249e-01 5.819607773535e-02 8.389117287922e-01 0.000000000000e+00 0.000000000000e+00 0.000000000000e+00 
4.947669482532e-01 2.138737434556e-01 5.753152434891e-02 8.403295856285e-01 0.000000000000e+00 0.000000000000e+00 0.000000000000e+00 
4.944563064695e-01 2.092267584015e-01 5.686625640222e-02 8.417264124667e-01 0.000000000000e+00 0.000000000000e+00 0.000000000000e+00 
4.941357968201e-01 2.045732790504e-01 5.620036668439e-02 8.431020736447e-01 0.000000000000e+00 0.000000000000e+00 0.000000000000e+00 
4.938054188255e-01 1.999136577083e-01 5.553393035597e-02 8.444564644666e-01 0.000000000000e+00 0.000000000000e+00 0.000000000000e+00 
4.934651729667e-01 1.952481807846e-01 5.486700957889e-02 8.457895023167e-01 0.000000000000e+00 0.000000000000e+00 0.000000000000e+00 
4.931150605815e-01 1.905770870240e-01 5.419965693529e-02 8.471011203612e-01 0.000000000000e+00 0.000000000000e+00 0.000000000000e+00 
4.927550837599e-01 1.859005807044e-01 5.353191795026e-02 8.483912630875e-01 0.000000000000e+00 0.000000000000e+00 0.000000000000e+00 
4.923852452485e-01 1.812188411909e-01 5.286383295187e-02 8.496598831442e-01 0.000000000000e+00 0.000000000000e+00 0.000000000000e+00 
4.920055483660e-01 1.765320298499e-01 5.219543844178e-02 8.509069391068e-01 